# name	mean	PEQ	RPI	POM	SAG	MAS	AP	USA
OhioSt	1.320000	  1	  2	  1	  1	  1	  1	  1
Kansas	1.800000	  2	  1	  2	  2	  2	  2	  2
Pittsburgh	4.450000	  7	  7	  6	  3	  3	  3	  3
Duke	5.050000	  3	  5	  3	  4	  5	  5	  5
SanDiegoSt	6.420000	  5	  3	  9	  6	  4	  7	  6
BYU	6.500000	  9	  4	  8	  5	  8	  8	  8
Purdue	7.420000	  4	  8	  4	  7	  7	  9	  9
NotreDame	9.250000	 20	  9	 15	 10	  6	  4	  4
Texas	9.760000	  6	 14	  5	  8	 12	 10	 10
NorthCarolina	10.290000	 12	  6	 12	 12	  9	  6	  7
Syracuse	10.620000	 16	 18	 11	  9	 11	 11	 11
Wisconsin	11.870000	  8	 13	  7	 11	 10	 13	 13
Florida	16.049999	 19	 10	 18	 18	 16	 12	 12
Louisville	16.230000	 13	 20	 14	 13	 18	 14	 14
Kentucky	16.389999	 10	 12	 10	 14	 20	 15	 16
UtahSt	18.730000	 14	 17	 13	 21	 13	 23	 17
Georgetown	18.830000	 21	 11	 27	 16	 15	 22	 22
Cincinnati	20.440001	 22	 32	 17	 15	 14	 25	  0
WestVirginia	20.490000	 18	 15	 21	 17	 19	 20	  0
Arizona	21.930000	 25	 16	 29	 22	 21	 16	 15
Connecticut	22.430000	 24	 23	 26	 19	 17	 21	 19
KansasSt	24.120001	 27	 19	 25	 25	 23	 19	 23
UNLV	24.500000	 23	 25	 22	 20	 25	  0	  0
StJohn's	26.740000	 33	 22	 31	 24	 22	 17	 18
Xavier	27.320000	 47	 21	 36	 31	 24	 18	 20
Vanderbilt	28.110001	 28	 26	 28	 28	 30	  0	 24
Temple	29.629999	 40	 29	 38	 29	 26	 24	 25
GeorgeMason	29.930000	 31	 27	 30	 30	 31	  0	  0
Villanova	30.420000	 29	 31	 23	 23	 27	  0	  0
Missouri	31.350000	 26	 33	 24	 26	 35	  0	  0
Washington	34.020000	 11	 47	 16	 35	 42	  0	  0
Illinois	34.150002	 15	 40	 19	 27	 36	  0	  0
Belmont	34.619999	 17	 51	 20	 33	 34	  0	  0
TexasA&M	35.090000	 43	 30	 47	 34	 32	  0	 21
OldDominion	35.330002	 51	 24	 53	 38	 28	  0	  0
UCLA	36.130001	 44	 34	 39	 41	 29	  0	  0
FloridaSt	41.200001	 35	 46	 40	 37	 38	  0	  0
Richmond	42.820000	 53	 55	 50	 40	 33	  0	  0
StMary'sCA	43.090000	 34	 44	 46	 36	 49	  0	  0
Marquette	44.320000	 30	 68	 33	 32	 39	  0	  0
UAB	44.480000	 57	 28	 51	 46	 46	  0	  0
Gonzaga	45.250000	 42	 62	 35	 44	 51	  0	  0
Clemson	45.439999	 32	 57	 32	 45	 40	  0	  0
Michigan	47.419998	 48	 56	 44	 42	 37	  0	  0
VirginiaTech	48.680000	 37	 64	 37	 43	 44	  0	  0
Georgia	49.349998	 61	 39	 56	 47	 47	  0	  0
Butler	50.000000	 52	 37	 61	 48	 52	  0	  0
Tennessee	50.939999	 56	 36	 55	 50	 50	  0	  0
MichiganSt	51.060001	 38	 48	 43	 39	 41	  0	  0
BostonCollege	51.959999	 77	 45	 62	 49	 43	  0	  0
ClevelandSt	56.139999	 68	 41	 70	 58	 59	  0	  0
Harvard	56.189999	 74	 35	 74	 60	 48	  0	  0
WashingtonSt	58.299999	 39	 75	 49	 54	 56	  0	  0
PennSt	58.759998	 63	 54	 52	 53	 45	  0	  0
WichitaSt	59.029999	 59	 59	 63	 64	 69	  0	  0
NewMexico	59.509998	 36	 71	 41	 51	 58	  0	  0
Nebraska	61.619999	 50	 78	 45	 56	 67	  0	  0
MissouriSt	63.490002	 76	 42	 80	 73	 68	  0	  0
USC	63.810001	 45	 69	 42	 63	 55	  0	  0
UTEP	64.239998	 69	 58	 68	 72	 72	  0	  0
Minnesota	65.300003	 54	 74	 58	 55	 57	  0	  0
Alabama	65.690002	 46	 79	 48	 61	 60	  0	  0
Oakland	66.330002	 64	 61	 72	 62	 53	  0	  0
Colorado	66.540001	 58	 76	 60	 57	 64	  0	  0
Maryland	66.540001	 41	 98	 34	 52	 63	  0	  0
California	66.910004	 71	 66	 65	 65	 54	  0	  0
ColoradoSt	66.980003	 72	 43	 71	 66	 66	  0	  0
VACommonwealth	67.540001	 84	 49	 82	 74	 61	  0	  0
SouthernMiss	68.739998	 67	 53	 69	 70	 79	  0	  0
Marshall	71.220001	 75	 50	 77	 77	 78	  0	  0
Northwestern	72.330002	 60	 93	 66	 59	 62	  0	  0
Iona	73.050003	 66	 65	 57	 76	 76	  0	  0
MiamiFL	73.980003	 62	 73	 64	 71	 71	  0	  0
Princeton	74.370003	 92	 52	 94	 79	 70	  0	  0
ColCharleston	74.400002	 70	 67	 75	 80	 83	  0	  0
Memphis	74.610001	106	 38	101	 78	 74	  0	  0
Duquesne	75.730003	 49	 95	 59	 68	 80	  0	  0
Baylor	76.010002	 65	 84	 67	 69	 86	  0	  0
OklahomaSt	76.290001	 81	 63	 84	 75	 77	  0	  0
SetonHall	78.410004	 55	 91	 54	 67	 65	  0	  0
Mississippi	82.110001	 82	 81	 73	 83	 89	  0	  0
UCF	82.989998	 80	 60	 88	 82	 98	  0	  0
Valparaiso	87.269997	 89	 70	102	 90	 95	  0	  0
LongIsland	87.550003	130	 80	117	 95	 73	  0	  0
Bucknell	88.089996	 94	 82	 93	 87	 75	  0	  0
Drexel	88.849998	108	 72	 99	 81	 88	  0	  0
Fairfield	89.279999	 98	 99	 92	 91	 82	  0	  0
CoastalCar	89.739998	107	103	112	 96	 93	  0	  0
JamesMadison	90.139999	 97	 89	103	 86	 92	  0	  0
Tulsa	90.290001	 88	 83	 87	 93	 96	  0	  0
LongBeachSt	93.690002	 83	 90	 86	 94	 81	  0	  0
Dayton	94.089996	112	 88	107	 92	 90	  0	  0
MoreheadSt	95.080002	 86	 77	 95	109	 99	  0	  0
Rider	98.809998	118	104	106	 99	 87	  0	  0
Rutgers	101.550003	 79	123	 79	 84	 85	  0	  0
NCState	101.910004	 95	118	 90	 89	 97	  0	  0
Arkansas	101.919998	104	120	100	 97	103	  0	  0
Portland	102.629997	101	106	104	 98	109	  0	  0
Wofford	103.120003	 87	116	 91	103	105	  0	  0
IowaSt	103.150002	 85	127	 76	 85	114	  0	  0
Hofstra	104.269997	158	 86	135	110	 94	  0	  0
Kent	104.699997	125	 87	127	107	104	  0	  0
IndianaSt	105.660004	114	 85	110	113	101	  0	  0
Virginia	105.669998	119	135	 96	100	 84	  0	  0
RhodeIsland	106.050003	116	 97	120	104	100	  0	  0
BoiseSt	107.349998	 78	121	 81	102	102	  0	  0
WIMilwaukee	107.830002	135	 92	136	116	 91	  0	  0
ETSU	111.309998	100	 94	113	114	118	  0	  0
Providence	111.800003	 90	146	 89	 88	108	  0	  0
MississippiSt	112.330002	148	112	119	121	106	  0	  0
Vermont	113.519997	133	 96	134	119	115	  0	  0
NorthernIowa	114.080002	113	109	132	118	116	  0	  0
Stanford	115.089996	 93	142	 97	105	107	  0	  0
MurraySt	115.910004	120	114	130	127	127	  0	  0
AirForce	119.290001	110	102	109	108	133	  0	  0
WrightSt	119.559998	117	124	115	115	123	  0	  0
Creighton	121.169998	124	126	118	125	134	  0	  0
Montana	121.620003	102	108	116	117	119	  0	  0
SouthCarolina	122.849998	126	128	125	112	112	  0	  0
StPeter's	124.690002	145	101	123	131	111	  0	  0
StBonaventure	124.919998	163	111	141	122	113	  0	  0
NColorado	126.440002	 96	113	121	129	125	  0	  0
Furman	126.559998	129	115	153	128	130	  0	  0
GeorgiaTech	127.620003	 99	162	 85	111	124	  0	  0
Oregon	127.889999	121	154	 98	120	117	  0	  0
Indiana	128.029999	 73	181	 78	101	138	  0	  0
IUPUI	130.899994	127	107	137	126	128	  0	  0
Idaho	132.669998	140	129	126	142	121	  0	  0
Iowa	132.839996	 91	168	 83	106	120	  0	  0
GWashington	133.559998	171	136	149	140	110	  0	  0
Akron	133.830002	152	130	133	138	145	  0	  0
EastCarolina	134.839996	149	117	143	136	136	  0	  0
OralRoberts	137.380005	111	138	131	137	132	  0	  0
SanFrancisco	137.429993	143	122	150	143	129	  0	  0
Buffalo	138.360001	105	160	108	130	158	  0	  0
ArizonaSt	138.750000	109	153	114	123	135	  0	  0
SDakotaSt	138.809998	103	180	105	133	147	  0	  0
TexasTech	139.470001	136	158	111	135	137	  0	  0
AmericanUniv	139.960007	180	125	182	149	122	  0	  0
Oklahoma	140.089996	138	133	145	124	149	  0	  0
FLAtlantic	140.630005	168	110	186	150	144	  0	  0
Utah	141.119995	132	119	140	132	131	  0	  0
Detroit	141.490005	137	145	138	139	143	  0	  0
Hawaii	143.690002	159	152	154	152	126	  0	  0
Quinnipiac	144.809998	183	144	167	158	140	  0	  0
NewMexicoSt	144.809998	131	139	124	145	153	  0	  0
NorthernArizona	145.610001	115	155	129	144	152	  0	  0
RobertMorris	145.839996	169	100	152	141	139	  0	  0
AustinPeay	146.580002	123	131	139	148	161	  0	  0
SantaClara	147.410004	151	159	151	151	146	  0	  0
MiamiOH	148.020004	182	105	185	159	148	  0	  0
Ohio	148.160004	176	156	156	157	151	  0	  0
UNCAsheville	149.820007	154	149	142	156	155	  0	  0
SouthFlorida	151.750000	128	161	128	134	141	  0	  0
Massachusetts	152.479996	199	148	173	153	142	  0	  0
StLouis	153.199997	142	164	122	146	154	  0	  0
WMichigan	155.570007	178	170	166	166	150	  0	  0
BostonUniv	155.970001	181	134	169	168	156	  0	  0
WeberSt	155.979996	139	147	160	161	157	  0	  0
Lipscomb	156.779999	141	132	163	154	171	  0	  0
Jacksonville	157.770004	150	143	177	155	164	  0	  0
Loyola-Chicago	158.929993	144	198	147	147	160	  0	  0
NorthTexas	160.220001	193	137	183	176	184	  0	  0
SMU	162.070007	166	200	146	177	166	  0	  0
CentralConn	162.500000	170	151	161	167	163	  0	  0
LaSalle	165.149994	187	179	168	164	159	  0	  0
Evansville	165.369995	189	140	192	169	169	  0	  0
Davidson	165.990005	157	178	165	160	172	  0	  0
BallSt	166.410004	161	173	170	165	176	  0	  0
WIGreenBay	169.190002	146	169	162	163	167	  0	  0
Pacific	169.500000	122	183	144	162	170	  0	  0
IPFW	169.770004	174	172	180	170	175	  0	  0
Yale	174.119995	179	157	191	174	162	  0	  0
Rice	174.520004	162	188	148	173	180	  0	  0
SantaBarbara	174.679993	134	192	158	171	165	  0	  0
Hampton	176.350006	203	166	231	183	194	  0	  0
Delaware	176.500000	201	141	196	172	168	  0	  0
Penn	179.779999	175	165	176	175	177	  0	  0
CalPolySLO	180.460007	153	194	159	178	173	  0	  0
LoyolaMD	181.029999	188	177	181	182	179	  0	  0
WCarolina	181.460007	186	171	188	184	182	  0	  0
FresnoSt	181.589996	155	197	155	179	183	  0	  0
Canisius	182.229996	185	176	174	185	186	  0	  0
Nevada	182.910004	147	190	157	180	174	  0	  0
SamHoustonSt	183.009995	164	182	178	197	190	  0	  0
McNeeseSt	184.710007	212	163	201	207	199	  0	  0
SanJoseSt	184.919998	177	184	187	187	178	  0	  0
OregonSt	190.000000	167	232	164	181	188	  0	  0
TennesseeTech	190.130005	219	189	203	210	181	  0	  0
Northeastern	191.339996	198	174	189	188	185	  0	  0
MiddleTennSt	192.360001	173	207	171	194	212	  0	  0
WKentucky	192.820007	205	196	210	193	197	  0	  0
ArkansasSt	193.199997	197	185	193	202	205	  0	  0
Columbia	196.529999	214	187	217	191	192	  0	  0
VMI	197.009995	204	201	198	192	195	  0	  0
AppalachianSt	197.360001	192	191	215	195	198	  0	  0
Liberty	197.389999	221	186	239	199	201	  0	  0
TCU	199.320007	172	210	179	186	206	  0	  0
NorthFlorida	200.020004	239	150	235	204	187	  0	  0
SFAustin	200.669998	165	221	184	206	218	  0	  0
Lehigh	203.649994	202	204	194	201	191	  0	  0
Drake	205.800003	241	213	218	211	209	  0	  0
StJoseph'sPA	206.500000	227	193	204	190	189	  0	  0
NDakotaSt	206.740005	156	243	172	189	217	  0	  0
Tulane	207.910004	160	236	175	200	229	  0	  0
Siena	208.100006	209	202	213	198	193	  0	  0
SIllinois	208.839996	223	206	238	212	204	  0	  0
Mercer	209.690002	194	218	195	208	210	  0	  0
UNCWilmington	209.860001	210	217	214	203	214	  0	  0
Cornell	211.470001	184	208	190	205	207	  0	  0
StFrancisNY	212.699997	224	212	206	214	203	  0	  0
Charlotte	213.539993	207	222	207	196	200	  0	  0
ArkLittleRock	213.889999	249	205	223	218	221	  0	  0
Bradley	214.210007	206	237	197	217	215	  0	  0
DePaul	218.270004	222	231	199	209	202	  0	  0
Wagner	218.679993	234	167	241	215	213	  0	  0
Maine	218.949997	213	215	208	216	226	  0	  0
Houston	219.130005	190	239	205	220	225	  0	  0
ULL	220.860001	238	214	226	225	222	  0	  0
GeorgiaSt	221.110001	218	220	229	219	227	  0	  0
CharlestonSo	221.240005	195	238	216	213	234	  0	  0
Auburn	221.759995	253	254	211	227	196	  0	  0
LSU	223.369995	245	219	230	223	220	  0	  0
Bethune-Cookman	225.360001	287	195	293	241	238	  0	  0
AlbanyNY	226.289993	255	216	242	230	223	  0	  0
TXSouthern	226.429993	261	175	287	246	230	  0	  0
William&Mary	226.649994	217	225	212	224	219	  0	  0
Winthrop	227.039993	220	224	227	222	237	  0	  0
UTSanAntonio	227.199997	215	227	233	235	233	  0	  0
Chattanooga	228.330002	286	199	278	234	216	  0	  0
Denver	232.440002	228	249	209	231	259	  0	  0
Pepperdine	232.570007	216	244	224	228	224	  0	  0
Lafayette	232.589996	248	223	220	238	211	  0	  0
Wyoming	232.669998	200	250	202	221	236	  0	  0
NichollsSt	233.589996	211	228	228	237	253	  0	  0
Presbyterian	234.320007	259	203	263	226	232	  0	  0
CSNorthridge	235.949997	226	252	225	233	208	  0	  0
MissouriKC	236.309998	273	211	270	243	231	  0	  0
UtahValSt	236.419998	225	245	247	251	240	  0	  0
SELouisiana	237.250000	251	209	257	259	245	  0	  0
NorthwesternLA	237.520004	264	230	262	250	241	  0	  0
StonyBrook	238.220001	252	242	221	244	235	  0	  0
BowlingGreen	239.220001	265	248	253	242	228	  0	  0
TexasSt	239.570007	247	229	244	255	260	  0	  0
MorganSt	239.830002	250	235	260	245	255	  0	  0
IllinoisSt	240.000000	242	259	245	236	249	  0	  0
TennesseeSt	240.470001	208	234	232	247	243	  0	  0
LoyMarymount	240.550003	191	268	200	229	246	  0	  0
CoppinSt	242.100006	243	240	249	253	263	  0	  0
Brown	242.380005	244	241	243	240	247	  0	  0
UCIrvine	244.179993	196	297	219	232	239	  0	  0
Elon	244.679993	235	266	237	239	248	  0	  0
EKentucky	246.610001	246	260	234	256	251	  0	  0
LouisianaTech	251.479996	237	251	251	248	252	  0	  0
MontanaSt	254.100006	230	257	256	249	262	  0	  0
WakeForest	255.169998	267	256	252	252	256	  0	  0
MtStMary's	258.049988	291	233	267	260	244	  0	  0
NCA&T	262.000000	283	226	288	269	281	  0	  0
Seattle	262.290009	272	271	255	263	242	  0	  0
Campbell	265.010010	240	277	261	254	285	  0	  0
YoungstownSt	265.390015	254	295	254	258	267	  0	  0
SouthernUtah	265.799988	258	267	248	265	274	  0	  0
HolyCross	265.839996	236	281	222	261	257	  0	  0
PortlandSt	266.049988	262	290	277	266	275	  0	  0
JacksonSt	266.160004	271	247	283	283	298	  0	  0
CSFullerton	266.459991	233	299	246	264	250	  0	  0
GardnerWebb	266.559998	270	261	269	262	264	  0	  0
Lamar	267.239990	229	294	236	267	286	  0	  0
UCDavis	267.559998	231	302	240	257	261	  0	  0
UTArlington	268.010010	232	270	250	268	282	  0	  0
SacredHeart	269.839996	277	269	264	271	254	  0	  0
UCRiverside	270.739990	268	272	273	273	258	  0	  0
Fordham	272.890015	293	253	291	272	265	  0	  0
SavannahSt	273.329987	263	265	272	274	272	  0	  0
ILChicago	274.100006	256	289	259	270	270	  0	  0
EWashington	275.320007	257	293	258	275	271	  0	  0
NCCentral	275.690002	288	264	305	279	294	  0	  0
SouthAlabama	275.739990	289	273	292	290	283	  0	  0
Hartford	278.049988	297	274	297	278	276	  0	  0
FloridaIntl	279.059998	275	279	285	289	295	  0	  0
CMichigan	279.410004	281	307	282	277	269	  0	  0
NewHampshire	279.700012	285	275	294	276	284	  0	  0
HighPoint	280.000000	307	262	309	284	278	  0	  0
FLGulfCoast	281.609985	290	278	276	282	287	  0	  0
StFrancisPA	282.170013	298	258	280	285	273	  0	  0
Troy	282.190002	274	263	271	286	293	  0	  0
NorthDakota	283.989990	295	283	303	303	291	  0	  0
Navy	284.149994	292	300	268	288	266	  0	  0
Army	285.920013	276	276	286	281	280	  0	  0
NIllinois	286.260010	260	313	265	280	289	  0	  0
MonmouthNJ	287.630005	301	284	284	293	279	  0	  0
Citadel	287.679993	279	296	279	292	296	  0	  0
MSValleySt	288.640015	305	246	310	311	309	  0	  0
SouthDakota	288.739990	266	322	289	300	315	  0	  0
Niagara	289.910004	314	285	302	291	277	  0	  0
Samford	290.140015	308	287	312	294	292	  0	  0
NorfolkSt	290.380005	296	282	296	295	306	  0	  0
Bryant	290.670013	311	255	308	298	268	  0	  0
UNCGreensboro	291.820007	294	298	274	297	290	  0	  0
Towson	295.540009	269	286	266	287	308	  0	  0
TNMartin	295.890015	303	291	295	306	288	  0	  0
NJIT	296.160004	310	310	306	310	304	  0	  0
AlabamaSt	298.660004	318	292	311	319	317	  0	  0
CSBakersfield	298.940002	306	311	319	302	307	  0	  0
IdahoSt	299.670013	278	303	301	299	299	  0	  0
Stetson	301.570007	300	309	300	296	313	  0	  0
TAMC.Christi	301.910004	309	280	314	312	312	  0	  0
SEMissouriSt	302.019989	304	306	290	308	297	  0	  0
SanDiego	302.429993	302	317	298	307	300	  0	  0
EMichigan	303.519989	280	328	281	305	305	  0	  0
Manhattan	305.040009	317	288	304	304	302	  0	  0
DelawareSt	306.850006	284	304	307	301	320	  0	  0
AlabamaA&M	306.950012	313	308	317	324	322	  0	  0
Binghamton	308.220001	321	301	313	313	310	  0	  0
EIllinois	308.290009	299	315	299	309	301	  0	  0
Longwood	309.570007	320	319	320	320	314	  0	  0
Marist	312.679993	324	305	315	316	311	  0	  0
JacksonvilleSt	315.059998	282	332	275	318	323	  0	  0
Kennesaw	315.320007	319	318	321	315	316	  0	  0
Colgate	317.269989	329	316	318	322	303	  0	  0
SCUpstate	317.760010	316	314	322	314	319	  0	  0
FloridaA&M	317.880005	323	323	327	321	324	  0	  0
Dartmouth	319.459991	322	312	324	317	318	  0	  0
CSSacramento	321.399994	312	330	323	323	321	  0	  0
FDickinson	324.369995	315	326	316	325	325	  0	  0
Grambling	324.630005	338	321	331	334	328	  0	  0
ULM	325.299988	326	325	328	326	326	  0	  0
MDEShore	327.019989	334	327	334	330	329	  0	  0
SCarolinaSt	327.399994	327	338	326	328	330	  0	  0
MDBaltimoreCo	329.809998	337	320	336	331	327	  0	  0
WIllinois	330.459991	330	335	330	329	334	  0	  0
Howard	330.510010	340	331	339	332	333	  0	  0
Edwardsville	330.709991	342	329	342	336	335	  0	  0
Radford	331.329987	333	334	329	327	331	  0	  0
PrairieView	331.339996	335	333	337	338	337	  0	  0
Toledo	332.350006	332	337	333	333	332	  0	  0
ArkPineBluff	332.799988	339	324	340	339	336	  0	  0
GaSouthern	334.540009	325	341	325	335	338	  0	  0
TXPanAmerican	337.350006	328	343	332	337	340	  0	  0
CentArkansas	337.869995	336	340	335	340	339	  0	  0
HoustonBap	338.609985	331	345	338	341	341	  0	  0
ChicagoSt	340.209991	344	339	345	344	342	  0	  0
AlcornSt	340.209991	341	336	341	342	343	  0	  0
Centenary	342.739990	343	342	343	343	344	  0	  0
SouthernUniv	343.299988	345	344	344	345	345	  0	  0
